election,year,date,day,ballots,cumulative,percent
2011-general,2011,2011-10-24,-15,1496,1496,0.36
2011-general,2011,2011-10-25,-14,10172,11668,2.81
2011-general,2011,2011-10-26,-13,11285,22953,5.52
2011-general,2011,2011-10-27,-12,5924,28877,6.94
2011-general,2011,2011-10-28,-11,9844,38721,9.31
2011-general,2011,2011-10-29,-10,0,38721,9.31
2011-general,2011,2011-10-30,-9,0,38721,9.31
2011-general,2011,2011-10-31,-8,10782,49503,11.9
2011-general,2011,2011-11-01,-7,12634,62137,14.94
2011-general,2011,2011-11-02,-6,13994,76131,18.31
2011-general,2011,2011-11-03,-5,6331,82462,19.83
2011-general,2011,2011-11-04,-4,11942,94404,22.7
2011-general,2011,2011-11-05,-3,0,94404,22.7
2011-general,2011,2011-11-06,-2,0,94404,22.7
2011-general,2011,2011-11-07,-1,20352,114756,27.59
2011-general,2011,2011-11-08,0,43920,158676,38.15
2011-general,2011,2011-11-09,1,44942,203618,48.96
2011-general,2011,2011-11-10,2,2061,205679,49.46
2011-general,2011,2011-11-11,3,0,205679,49.46
2011-general,2011,2011-11-12,4,0,205679,49.46
2011-general,2011,2011-11-13,5,0,205679,49.46
2011-general,2011,2011-11-14,6,523,206202,49.58
2011-general,2011,2011-11-15,7,67,206269,49.6
2011-general,2011,2011-11-16,8,59,206328,49.61
2011-general,2011,2011-11-17,9,43,206371,49.62
2011-general,2011,2011-11-18,10,4,206375,49.62
2011-general,2011,2011-11-19,11,0,206375,49.62
2011-general,2011,2011-11-20,12,0,206375,49.62
2011-general,2011,2011-11-21,13,8,206383,49.63
2011-general,2011,2011-11-22,14,15,206398,49.63
2011-general,2011,2011-11-23,15,0,206398,49.63
2011-general,2011,2011-11-24,16,0,206398,49.63
2011-general,2011,2011-11-25,17,0,206398,49.63
2011-general,2011,2011-11-26,18,0,206398,49.63
2011-general,2011,2011-11-27,19,0,206398,49.63
2011-general,2011,2011-11-28,20,5,206403,49.63
2012-general,2012,2012-10-22,-15,5280,5280,1.19
2012-general,2012,2012-10-23,-14,8818,14098,3.18
2012-general,2012,2012-10-24,-13,25564,39662,8.95
2012-general,2012,2012-10-25,-12,13044,52706,11.9
2012-general,2012,2012-10-26,-11,14257,66963,15.12
2012-general,2012,2012-10-27,-10,0,66963,15.12
2012-general,2012,2012-10-28,-9,0,66963,15.12
2012-general,2012,2012-10-29,-8,26064,93027,21
2012-general,2012,2012-10-30,-7,33169,126196,28.49
2012-general,2012,2012-10-31,-6,20569,146765,33.13
2012-general,2012,2012-11-01,-5,12127,158892,35.87
2012-general,2012,2012-11-02,-4,21763,180655,40.78
2012-general,2012,2012-11-03,-3,20233,200888,45.35
2012-general,2012,2012-11-04,-2,0,200888,45.35
2012-general,2012,2012-11-05,-1,50459,251347,56.74
2012-general,2012,2012-11-06,0,43286,294633,66.51
2012-general,2012,2012-11-07,1,50299,344932,77.87
2012-general,2012,2012-11-08,2,2971,347903,78.54
2012-general,2012,2012-11-09,3,1299,349202,78.83
2012-general,2012,2012-11-10,4,1852,351054,79.25
2012-general,2012,2012-11-11,5,341,351395,79.32
2012-general,2012,2012-11-12,6,211,351606,79.37
2012-general,2012,2012-11-13,7,258,351864,79.43
2012-general,2012,2012-11-14,8,39,351903,79.44
2012-general,2012,2012-11-15,9,233,352136,79.49
2012-general,2012,2012-11-16,10,156,352292,79.53
2012-general,2012,2012-11-17,11,0,352292,79.53
2012-general,2012,2012-11-18,12,0,352292,79.53
2012-general,2012,2012-11-19,13,204,352496,79.57
2012-general,2012,2012-11-20,14,15,352511,79.58
2012-general,2012,2012-11-21,15,16,352527,79.58
2012-general,2012,2012-11-22,16,0,352527,79.58
2012-general,2012,2012-11-23,17,0,352527,79.58
2012-general,2012,2012-11-24,18,0,352527,79.58
2012-general,2012,2012-11-25,19,0,352527,79.58
2012-general,2012,2012-11-26,20,21,352548,79.58
2013-general,2013,2013-10-21,-15,2510,2510,0.57
2013-general,2013,2013-10-22,-14,7357,9867,2.24
2013-general,2013,2013-10-23,-13,5723,15590,3.55
2013-general,2013,2013-10-24,-12,7720,23310,5.3
2013-general,2013,2013-10-25,-11,8989,32299,7.35
2013-general,2013,2013-10-26,-10,0,32299,7.35
2013-general,2013,2013-10-27,-9,0,32299,7.35
2013-general,2013,2013-10-28,-8,15288,47587,10.83
2013-general,2013,2013-10-29,-7,7591,55178,12.55
2013-general,2013,2013-10-30,-6,4905,60083,13.67
2013-general,2013,2013-10-31,-5,13146,73229,16.66
2013-general,2013,2013-11-01,-4,7150,80379,18.29
2013-general,2013,2013-11-02,-3,0,80379,18.29
2013-general,2013,2013-11-03,-2,0,80379,18.29
2013-general,2013,2013-11-04,-1,22336,102715,23.37
2013-general,2013,2013-11-05,0,40644,143359,32.62
2013-general,2013,2013-11-06,1,29881,173240,39.41
2013-general,2013,2013-11-07,2,9065,182305,41.48
2013-general,2013,2013-11-08,3,326,182631,41.55
2013-general,2013,2013-11-09,4,0,182631,41.55
2013-general,2013,2013-11-10,5,0,182631,41.55
2013-general,2013,2013-11-11,6,0,182631,41.55
2013-general,2013,2013-11-12,7,200,182831,41.6
2013-general,2013,2013-11-13,8,14,182845,41.6
2013-general,2013,2013-11-14,9,112,182957,41.63
2013-general,2013,2013-11-15,10,18,182975,41.63
2013-general,2013,2013-11-16,11,0,182975,41.63
2013-general,2013,2013-11-17,12,0,182975,41.63
2013-general,2013,2013-11-18,13,0,182975,41.63
2013-general,2013,2013-11-19,14,8,182983,41.63
2013-general,2013,2013-11-20,15,1,182984,41.63
2013-general,2013,2013-11-21,16,6,182990,41.63
2013-general,2013,2013-11-22,17,6,182996,41.63
2013-general,2013,2013-11-23,18,0,182996,41.63
2013-general,2013,2013-11-24,19,0,182996,41.63
2013-general,2013,2013-11-25,20,3,182999,41.63
2014-general,2014,2014-10-20,-15,3742,3742,0.85
2014-general,2014,2014-10-21,-14,7592,11334,2.56
2014-general,2014,2014-10-22,-13,11295,22629,5.12
2014-general,2014,2014-10-23,-12,5507,28136,6.37
2014-general,2014,2014-10-24,-11,11179,39315,8.9
2014-general,2014,2014-10-25,-10,0,39315,8.9
2014-general,2014,2014-10-26,-9,0,39315,8.9
2014-general,2014,2014-10-27,-8,14843,54158,12.25
2014-general,2014,2014-10-28,-7,8559,62717,14.19
2014-general,2014,2014-10-29,-6,14218,76935,17.41
2014-general,2014,2014-10-30,-5,5353,82288,18.62
2014-general,2014,2014-10-31,-4,13902,96190,21.76
2014-general,2014,2014-11-01,-3,0,96190,21.76
2014-general,2014,2014-11-02,-2,15297,111487,25.22
2014-general,2014,2014-11-03,-1,12475,123962,28.05
2014-general,2014,2014-11-04,0,44961,168923,38.22
2014-general,2014,2014-11-05,1,25304,194227,43.94
2014-general,2014,2014-11-06,2,25624,219851,49.74
2014-general,2014,2014-11-07,3,1083,220934,49.99
2014-general,2014,2014-11-08,4,0,220934,49.99
2014-general,2014,2014-11-09,5,0,220934,49.99
2014-general,2014,2014-11-10,6,497,221431,50.1
2014-general,2014,2014-11-11,7,0,221431,50.1
2014-general,2014,2014-11-12,8,127,221558,50.13
2014-general,2014,2014-11-13,9,0,221558,50.13
2014-general,2014,2014-11-14,10,318,221876,50.2
2014-general,2014,2014-11-15,11,0,221876,50.2
2014-general,2014,2014-11-16,12,0,221876,50.2
2014-general,2014,2014-11-17,13,0,221876,50.2
2014-general,2014,2014-11-18,14,14,221890,50.2
2014-general,2014,2014-11-19,15,0,221890,50.2
2014-general,2014,2014-11-20,16,18,221908,50.21
2014-general,2014,2014-11-21,17,64,221972,50.22
2014-general,2014,2014-11-22,18,0,221972,50.22
2014-general,2014,2014-11-23,19,0,221972,50.22
2014-general,2014,2014-11-24,20,10,221982,50.22
2015-general,2015,2014-10-19,-15,5638,5638,1.25
2015-general,2015,2014-10-20,-14,5931,11569,2.57
2015-general,2015,2014-10-21,-13,8543,20112,4.46
2015-general,2015,2014-10-22,-12,3209,23321,5.17
2015-general,2015,2014-10-23,-11,6144,29465,6.53
2015-general,2015,2014-10-24,-10,0,29465,6.53
2015-general,2015,2014-10-25,-9,0,29465,6.53
2015-general,2015,2014-10-26,-8,8791,38256,8.48
2015-general,2015,2014-10-27,-7,4746,43002,9.54
2015-general,2015,2014-10-28,-6,8940,51942,11.52
2015-general,2015,2014-10-29,-5,2979,54921,12.18
2015-general,2015,2014-10-30,-4,8289,63210,14.02
2015-general,2015,2014-10-31,-3,0,63210,14.02
2015-general,2015,2014-11-01,-2,0,63210,14.02
2015-general,2015,2014-11-02,-1,17704,80914,17.94
2015-general,2015,2014-11-03,0,41848,122762,27.22
2015-general,2015,2014-11-04,1,30310,153072,33.95
2015-general,2015,2014-11-05,2,425,153497,34.04
2015-general,2015,2014-11-06,3,298,153795,34.11
2015-general,2015,2014-11-07,4,0,153795,34.11
2015-general,2015,2014-11-08,5,0,153795,34.11
2015-general,2015,2014-11-09,6,259,154054,34.16
2015-general,2015,2014-11-10,7,114,154168,34.19
2015-general,2015,2014-11-11,8,0,154168,34.19
2015-general,2015,2014-11-12,9,25,154193,34.19
2015-general,2015,2014-11-13,10,17,154210,34.2
2015-general,2015,2014-11-14,11,0,154210,34.2
2015-general,2015,2014-11-15,12,0,154210,34.2
2015-general,2015,2014-11-16,13,0,154210,34.2
2015-general,2015,2014-11-17,14,13,154223,34.2
2015-general,2015,2014-11-18,15,0,154223,34.2
2015-general,2015,2014-11-19,16,6,154229,34.2
2015-general,2015,2014-11-20,17,0,154229,34.2
2015-general,2015,2014-11-21,18,0,154229,34.2
2015-general,2015,2014-11-22,19,0,154229,34.2
2015-general,2015,2014-11-23,20,2,154231,34.2
2016-general,2016,2016-10-24,-15,12623,12623,2.57
2016-general,2016,2016-10-25,-14,11794,24417,4.98
2016-general,2016,2016-10-26,-13,23003,47420,9.66
2016-general,2016,2016-10-27,-12,7879,55299,11.27
2016-general,2016,2016-10-28,-11,22130,77429,15.78
2016-general,2016,2016-10-29,-10,0,77429,15.78
2016-general,2016,2016-10-30,-9,0,77429,15.78
2016-general,2016,2016-10-31,-8,32564,109993,22.42
2016-general,2016,2016-11-01,-7,20922,130915,26.68
2016-general,2016,2016-11-02,-6,18641,149556,30.48
2016-general,2016,2016-11-03,-5,18520,168076,34.25
2016-general,2016,2016-11-04,-4,19420,187496,38.21
2016-general,2016,2016-11-05,-3,19650,207146,42.22
2016-general,2016,2016-11-06,-2,0,207146,42.22
2016-general,2016,2016-11-07,-1,42915,250061,50.96
2016-general,2016,2016-11-08,0,68481,318542,64.92
2016-general,2016,2016-11-09,1,43284,361826,73.74
2016-general,2016,2016-11-10,2,1055,362881,73.96
2016-general,2016,2016-11-11,3,0,362881,73.96
2016-general,2016,2016-11-12,4,4186,367067,74.81
2016-general,2016,2016-11-13,5,0,367067,74.81
2016-general,2016,2016-11-14,6,900,367967,74.99
2016-general,2016,2016-11-15,7,761,368728,75.15
2016-general,2016,2016-11-16,8,158,368886,75.18
2016-general,2016,2016-11-17,9,177,369063,75.22
2016-general,2016,2016-11-18,10,240,369303,75.27
2016-general,2016,2016-11-19,11,0,369303,75.27
2016-general,2016,2016-11-20,12,0,369303,75.27
2016-general,2016,2016-11-21,13,167,369470,75.3
2016-general,2016,2016-11-22,14,26,369496,75.3
2016-general,2016,2016-11-23,15,0,369496,75.3
2016-general,2016,2016-11-24,16,0,369496,75.3
2016-general,2016,2016-11-25,17,0,369496,75.3
2016-general,2016,2016-11-26,18,0,369496,75.3
2016-general,2016,2016-11-27,19,0,369496,75.3
2016-general,2016,2016-11-28,20,68,369564,75.32
2017-general,2017,2017-10-23,-15,2040,2040,0.41
2017-general,2017,2017-10-24,-14,10209,12249,2.48
2017-general,2017,2017-10-25,-13,3392,15641,3.17
2017-general,2017,2017-10-26,-12,7443,23084,4.68
2017-general,2017,2017-10-27,-11,2627,25711,5.21
2017-general,2017,2017-10-28,-10,0,25711,5.21
2017-general,2017,2017-10-29,-9,0,25711,5.21
2017-general,2017,2017-10-30,-8,4505,30216,6.12
2017-general,2017,2017-10-31,-7,13600,43816,8.87
2017-general,2017,2017-11-01,-6,2518,46334,9.38
2017-general,2017,2017-11-02,-5,3095,49429,10.01
2017-general,2017,2017-11-03,-4,10330,59759,12.1
2017-general,2017,2017-11-04,-3,0,59759,12.1
2017-general,2017,2017-11-05,-2,0,59759,12.1
2017-general,2017,2017-11-06,-1,9885,69644,14.11
2017-general,2017,2017-11-07,0,28477,98121,19.87
2017-general,2017,2017-11-08,1,41644,139765,28.31
2017-general,2017,2017-11-09,2,1664,141429,28.64
2017-general,2017,2017-11-10,3,0,141429,28.64
2017-general,2017,2017-11-11,4,0,141429,28.64
2017-general,2017,2017-11-12,5,0,141429,28.64
2017-general,2017,2017-11-13,6,748,142177,28.8
2017-general,2017,2017-11-14,7,148,142325,28.83
2017-general,2017,2017-11-15,8,35,142360,28.83
2017-general,2017,2017-11-16,9,40,142400,28.84
2017-general,2017,2017-11-17,10,20,142420,28.85
2017-general,2017,2017-11-18,11,0,142420,28.85
2017-general,2017,2017-11-19,12,0,142420,28.85
2017-general,2017,2017-11-20,13,2,142420,28.85
2017-general,2017,2017-11-21,14,8,142420,28.85
2017-general,2017,2017-11-22,15,0,142420,28.85
2017-general,2017,2017-11-23,16,0,142420,28.85
2017-general,2017,2017-11-24,17,0,142420,28.85
2017-general,2017,2017-11-25,18,0,142420,28.85
2017-general,2017,2017-11-26,19,0,142420,28.85
2017-general,2017,2017-11-27,20,20,142420,28.85
2018-general,2018,2018-10-22,-15,7196,7196,1.44
2018-general,2018,2018-10-23,-14,19937,27133,5.44
2018-general,2018,2018-10-24,-13,15882,43015,8.62
2018-general,2018,2018-10-25,-12,14175,57190,11.46
2018-general,2018,2018-10-26,-11,13047,70237,14.07
2018-general,2018,2018-10-27,-10,0,70237,14.07
2018-general,2018,2018-10-28,-9,0,70237,14.07
2018-general,2018,2018-10-29,-8,20962,91199,18.27
2018-general,2018,2018-10-30,-7,22555,113754,22.79
2018-general,2018,2018-10-31,-6,17948,131702,26.38
2018-general,2018,2018-11-01,-5,16596,148289,29.71
2018-general,2018,2018-11-02,-4,16413,164711,33
2018-general,2018,2018-11-03,-3,14579,197290,35.92
2018-general,2018,2018-11-04,-2,0,197290,35.92
2018-general,2018,2018-11-05,-1,33723,213013,42.67
2018-general,2018,2018-11-06,0,43584,256597,51.41
2018-general,2018,2018-11-07,1,66406,323003,64.71
2018-general,2018,2018-11-08,2,2595,325598,65.23
2018-general,2018,2018-11-09,3,4957,330555,66.22
2018-general,2018,2018-11-10,4,0,330555,66.22
2018-general,2018,2018-11-11,5,0,330555,66.22
2018-general,2018,2018-11-12,6,0,330555,66.22
2018-general,2018,2018-11-13,7,1071,331626,66.44
2018-general,2018,2018-11-14,8,1195,332821,66.68
2018-general,2018,2018-11-15,9,1007,333828,66.88
2018-general,2018,2018-11-16,10,140,333968,66.91
2018-general,2018,2018-11-17,11,0,333968,66.91
2018-general,2018,2018-11-18,12,0,333968,66.91
2018-general,2018,2018-11-19,13,66,334034,66.92
2018-general,2018,2018-11-20,14,356,334390,66.99
2018-general,2018,2018-11-21,15,125,334515,67.02
2018-general,2018,2018-11-22,16,0,334515,67.02
2018-general,2018,2018-11-23,17,0,334515,67.02
2018-general,2018,2018-11-24,18,0,334515,67.02
2018-general,2018,2018-11-25,19,0,334515,67.02
2018-general,2018,2018-11-26,20,39,334554,67.02